%YAML:1.0
---
model_type: KANNALA_BRANDT
camera_name: camera0
image_width: 640
image_height: 480

projection_parameters:

   k2: 0.03873488403194336
   k3: -0.019746866991520107
   k4: -0.003044106923535524
   k5: 0.003607766089171859
   mu: 240.67515506070202
   mv: 240.65051261578407
   u0: 321.09579955573787
   v0: 246.37004830710373
