%YAML:1.0
---
model_type: KANNALA_BRANDT
camera_name: camera1
image_width: 640
image_height: 480

projection_parameters:
   k2: 0.03803475976603008
   k3: -0.014968734950854073
   k4: 0.010198272747903771
   k5: -0.01256041448771718
   mu: 243.05560037374678
   mv: 242.7767240749247
   u0: 312.8969631130881
   v0: 241.13793896671703