%YAML:1.0
---
model_type: KANNALA_BRANDT
camera_name: camera0
image_width: 640
image_height: 480

projection_parameters:

   k2: 2.1184290945529938e-01
   k3: -1.7658305168151855e-01
   k4: 7.3046609759330750e-02
   k5: -1.3762626796960831e-02
   mu: 2.3633070373535156e+02
   mv: 2.3549401855468750e+02
   u0: 3.1834811401367188e+02
   v0: 2.4780487060546875e+02
