%YAML:1.0
---
model_type: KANNALA_BRANDT
camera_name: camera0
image_width: 640
image_height: 480

projection_parameters:

   k2: 1.9860318303108215e-01
   k3: -1.5844100713729858e-01
   k4: 5.9392530471086502e-02
   k5: -1.0344491340219975e-02
   mu: 2.3681809997558594e+02
   mv: 2.3627334594726562e+02
   u0: 3.2096261596679688e+02
   v0: 2.4523818969726562e+02
