%YAML:1.0
---
model_type: KANNALA_BRANDT
camera_name: camera1
image_width: 640
image_height: 480

projection_parameters:
   k2: 2.0924386382102966e-01
   k3: -1.7914751172065735e-01
   k4: 7.7330194413661957e-02
   k5: -1.5364999882876873e-02
   mu: 2.3628065490722656e+02
   mv: 2.3601181030273438e+02
   u0: 3.2165997314453125e+02
   v0: 2.4632545471191406e+02