%YAML:1.0
---
model_type: kannala_brandt
camera_name: camera1
image_width: 640
image_height: 480

projection_parameters:

   k2: 2.0808017253875732e-01
   k3: -1.6690652072429657e-01
   k4: 6.2197815626859665e-02
   k5: -1.0253303684294224e-02
   mu: 2.3593492126464844e+02
   mv: 2.3563052368164062e+02
   u0: 3.1778930664062500e+02
   v0: 2.4349092102050781e+02